-59 66695 30
-58 34331 15
-57 36673 16
-56 33533 15
-55 39189 17
-54 27718 12
-53 33764 15
-52 33897 15
-51 36179 16
-50 33390 15
-49 34472 15
-48 32846 15
-47 69823 31
-46 56621 25
-45 60998 27
-44 70692 32
-43 69899 31
-42 71996 32
-41 67815 31
-40 70725 32
-39 70381 32
-38 70771 32
-37 72106 33
-36 62767 28
-35 71302 32
-34 69746 31
-33 72174 33
-32 71692 32
-31 70678 32
-30 71765 32
-29 69344 31
-28 71474 32
-27 60634 27
-26 63187 28
-25 70790 32
-24 72717 33
-23 71551 32
-22 69500 31
-21 67241 30
-20 66819 30
-19 53755 24
-18 62714 28
-17 60931 27
-16 69684 31
-15 67062 30
-14 71010 32
-13 71920 32
-12 65547 30
-11 70577 32
-10 67383 30
-9 71391 32
-8 63283 28
-7 67568 30
-6 68137 31
-5 70944 32
-4 70595 32
-3 70033 32
-2 70533 32
-1 69012 31
0 71416 32
